62
600
94
313
333
220
315
113
352
470
235
377
794
507
570
515
175
830
300
995
367
607
261
416
649
93
287
146
286
948
381
807
22
452
195
484
671
892
558
477
28
817
283
663
640
628
350
83
19
330
770
442
427
845
302
808
259
200
749
446
368
692
639
314
480
182
526
360
37
336
415
172
630
635
550
119
206
896
620
517
815
722
310
291
744
751
105
387
823
524
493
787
498
467
237
145
969
932
717
222
782
193
800
209
13
666
920
811
297
985
832
855
950
627
597
45
962
981
191
689
878
992
891
465
998
644
53
738
118
433
584
728
665
184
87
615
148
889
548
711
685
534
312
621
835
690
557
839
121
533
34
727
57
463
231
977
698
401
618
343
111
915
16
760
371
124
796
626
174
999
894
837
655
205
104
667
658
304
838
492
660
71
334
364
576
672
799
954
866
903
530
859
438
917
389
215
790
487
137
893
791
417
511
348
955
8
410
544
818
399
583
574
248
741
514
964
967
963
208
942
673
110
801
559
980
869
90
664
518
913
497
975
244
129
633
742
827
947
521
686
551
674
332
96
993
155
21
176
703
525
353
488
72
362
951
740
210
257
380
588
971
86
539
816
503
885
976
125
966
216
202
134
6
199
496
289
295
63
724
923
439
614
864
9
448
408
116
568
973
705
619
390
59
337
590
784
616
513
960
273
112
26
679
453
349
789
444
710
221
862
918
934
532
393
307
7
840
147
1
984
678
365
459
919
406
495
163
733
123
321
888
761
605
126
346
308
718
10
91
669
42
499
994
489
926
879
317
725
228
51
929
153
369
610
149
882
786
578
754
783
318
805
486
708
428
629
735
867
874
599
865
294
354
430
385
61
844
523
821
909
688
925
107
580
32
375
329
24
842
233
604
512
974
648
868
752
895
755
391
651
136
988
162
80
211
609
29
457
945
709
910
17
572
12
413
756
185
652
589
854
227
479
904
250
144
861
662
407
719
482
403
154
857
781
726
426
4
150
351
247
256
425
716
186
267
323
938
757
139
281
97
382
957
379
715
454
447
723
765
829
684
677
120
322
197
275
451
78
84
36
164
41
54
2
650
245
358
767
766
768
258
978
637
546
850
458
373
331
481
473
876
58
49
264
788
553
930
293
780
586
366
603
159
404
856
928
196
68
270
843
400
189
339
239
177
937
846
101
374
906
592
74
255
88
370
702
117
356
299
355
309
435
378
52
490
831
160
179
529
680
875
229
908
961
325
161
822
656
75
542
670
65
883
682
217
103
625
100
540
797
531
341
713
431
450
968
591
519
522
238
943
301
931
704
158
795
31
27
437
476
877
871
218
613
764
284
809
443
983
645
92
445
204
543
165
886
747
986
547
769
171
131
748
979
418
384
324
939
130
271
232
44
897
828
556
641
383
102
67
714
234
561
386
290
646
750
11
483
970
436
814
441
510
860
587
956
69
56
675
575
776
631
296
471
469
851
560
478
263
706
240
20
642
429
188
423
774
414
905
224
737
870
720
989
661
659
292
577
394
405
48
552
500
316
982
372
99
269
194
192
848
491
952
612
76
606
736
528
157
77
115
953
1000
298
38
785
912
274
634
509
941
836
762
911
345
852
95
771
180
944
622
721
461
14
50
935
804
617
178
647
319
940
697
342
173
249
569
812
608
151
668
701
887
132
598
505
5
638
236
472
440
219
901
729
226
826
833
694
834
98
687
898
775
276
555
657
338
582
643
758
502
279
872
573
133
138
285
225
411
732
693
466
849
567
632
223
914
79
778
73
946
949
392
15
759
743
777
731
611
420
109
266
424
820
395
169
565
734
683
739
997
595
549
305
853
60
335
135
70
566
140
520
987
527
927
880
81
763
25
921
474
596
246
254
508
773
278
422
306
320
122
924
82
847
475
242
707
456
965
798
187
326
143
810
183
55
243
585
260
581
43
167
922
66
602
806
681
538
203
252
455
899
545
881
127
361
563
39
460
824
730
282
388
268
825
464
813
432
792
653
33
198
280
46
35
996
327
841
779
409
699
803
501
213
624
214
398
89
676
623
114
277
344
772
30
601
241
23
712
933
819
106
485
18
272
156
85
397
562
152
793
207
696
972
907
376
434
181
554
303
990
230
863
141
537
991
265
494
700
884
753
253
251
936
311
288
535
890
396
328
363
593
959
654
449
262
168
462
541
142
536
695
190
916
564
170
579
166
419
412
421
746
359
516
3
128
468
340
212
873
108
902
594
571
506
357
900
691
40
958
858
64
504
402
636
802
201
47
347
745