1195
7906
9944
1656
9440
7161
1150
8073
9659
3857
1663
7091
923
5245
5502
3064
1965
75
5724
2133
9027
2409
8283
7044
8329
2709
3794
4821
6841
6688
7291
6421
2061
235
4445
1708
4926
4724
7009
5855
8641
281
2988
287
1100
3134
1279
402
5857
1435
4761
6155
8955
4315
5014
6264
4216
1665
5982
8525
6971
132
5420
2398
3436
6599
9444
8358
3531
5582
5794
9164
3748
4655
7883
4820
5264
160
3139
9868
9136
1491
7158
8536
5776
4613
879
4801
1675
3951
6689
8178
8540
3073
9923
3035
2276
2930
6003
1860
4093
8405
3657
8624
341
4470
5565
894
5528
3012
9396
4690
7853
1876
2739
5466
2023
2803
9762
4608
7581
2243
7555
9405
3469
2745
7416
6484
7221
6713
7186
7318
4768
7031
6274
4189
6303
7247
2624
3406
5632
9984
6627
5548
3565
2829
7770
8709
8065
8180
418
527
9372
8687
2100
833
7671
9360
54
1163
8390
1206
2798
4499
908
6399
4577
5145
2950
4527
8354
6735
7573
7556
8943
2926
453
3052
1685
606
1101
6400
9928
8708
1405
5956
4507
940
5211
9904
1057
4841
5382
5355
1451
4701
8894
648
7394
8020
6224
3738
1371
7283
3062
1430
5025
2931
608
6748
3421
4922
5328
7243
8206
2104
9421
197
8117
8218
5350
685
9799
4448
2537
6148
5090
7705
7440
8980
4572
2199
7260
6292
3602
1047
2923
4213
9022
4405
6215
9699
9251
4673
1093
580
8076
743
2540
2822
4597
6205
4301
5045
452
3509
3040
3652
9326
3476
99
5733
6062
4233
8475
1799
1577
995
3045
8251
3333
5068
9499
6118
8929
5912
6670
3813
120
7924
2353
1194
6832
3859
2583
3583
8091
2294
8212
2014
7805
5294
3239
7176
5802
5970
998
6365
692
6252
3689
5317
9482
3345
433
5831
8256
5524
524
9842
7008
4524
2451
810
4535
8162
2497
8963
4179
4977
8136
2359
4596
9602
7983
2244
5573
6886
2274
9162
805
9460
9322
7080
7233
2402
7025
5633
1526
828
1066
1524
5535
6319
5688
1904
8363
9756
6911
3741
7274
1139
7825
9613
2333
4300
5627
809
5601
4055
6897
2107
7995
6170
6018
3836
1830
1272
5292
4872
1931
1124
4259
3228
3777
3063
1297
6758
7637
9646
8489
6664
2212
8436
6165
4979
7067
8079
9153
2460
2694
5141
8355
5322
8290
421
4766
3553
681
9739
7150
7813
4242
856
526
154
7335
4169
242
6122
8924
8060
7982
3203
7697
4037
1188
6855
4709
6362
8459
1238
8420
1958
4207
3287
9628
3463
4907
9348
6474
382
8282
6521
8185
5404
8183
6331
4252
1292
3897
6472
5139
4247
1344
3092
9515
8998
4323
9009
6196
3357
1261
8454
9410
2607
8015
6277
3594
5491
4910
9516
3098
8733
9619
2630
4137
144
7561
6682
5531
6149
2825
5088
2138
1265
5915
9151
3775
735
163
6406
7525
9378
314
4444
4468
6438
4733
961
485
1366
4894
8568
4998
7294
4896
4660
9716
4741
8122
4064
7109
6686
8667
5985
6552
781
4760
7702
8637
3442
9146
1213
3559
3506
2507
8771
9930
6904
392
7717
8467
4254
1102
5018
5951
4909
8577
9259
4402
2101
2944
5723
6192
1951
4130
8852
1678
6430
7882
8874
4659
7612
4103
6768
8204
4570
5840
1041
1384
8811
6915
9848
1771
77
9641
8259
1269
9839
9661
9077
7303
8669
2468
4481
420
6775
6194
4790
7980
922
4580
5290
7201
3647
3542
1332
2997
8845
8744
143
5030
5652
7955
6505
7541
4118
8289
2636
9802
8083
1557
8801
729
6060
9816
3471
5558
2113
2660
4087
1994
6622
5836
9097
2684
3525
6322
4661
6138
7351
243
711
3173
8468
1444
449
5278
1621
7270
7828
7029
7754
2998
6678
3447
3007
5224
9473
3281
1775
6397
5142
9157
3410
3882
438
3152
5274
2697
3613
9723
9175
3355
8725
8316
9875
6844
2148
1398
6914
4421
2579
6434
3486
7197
6143
7890
3397
8167
7205
4702
8850
7553
635
8029
4011
4350
4602
8072
4784
1011
2207
7012
3060
9381
2783
3731
6889
4135
9589
8897
7236
8208
8144
5701
5383
3817
8550
1074
4058
5793
6247
4959
5800
9787
3475
6598
6826
1270
5803
7179
4023
3518
4447
3570
403
389
8411
9901
6994
6587
3298
8622
1281
539
429
3155
9948
1701
9612
3545
3849
2635
6159
7912
9012
7985
7806
3533
689
792
2644
2370
5737
5655
9018
3772
9879
2147
3069
5639
3850
9584
8008
683
9453
3745
9117
5180
6941
1251
937
3751
7749
5607
3789
818
5287
182
7727
671
7061
6651
6066
1995
9937
979
4534
2328
2887
8996
9169
3067
3863
4013
6877
3278
8793
661
1800
7634
4415
7279
8839
9193
2712
6606
8939
4995
7487
2202
2311
2201
8032
5207
4936
6993
2737
6109
220
2365
744
1012
6390
2361
7093
7773
1890
2634
3643
1356
9552
7877
1793
8047
6082
925
6410
8655
3084
3618
5212
7997
1700
2140
7191
4863
9780
2098
4544
4519
8378
640
5520
5281
3365
2205
4425
8307
1180
5980
7658
7453
3003
90
8714
459
8841
622
4633
7768
6452
5521
9684
7146
450
2785
5095
3685
9996
2794
4771
2974
2431
6217
7933
1023
523
7437
4109
9099
1396
225
6906
9470
8125
1242
1915
1749
3065
8155
3724
2314
1478
2814
1774
3866
8391
8068
3034
6683
8097
3336
6246
3229
1360
1266
8663
3245
4041
2857
174
865
8023
6716
4946
2261
2757
8606
1816
846
7686
6722
9655
8448
8777
7178
126
8609
5070
9106
9475
707
7529
3944
9417
2518
2521
1196
8630
9070
515
754
3544
3764
4545
7459
9873
9776
1574
6193
5407
8512
1131
9067
663
5079
4668
2900
479
6740
381
2786
3529
9
2263
1062
2993
2732
9899
6088
2903
394
3907
876
2972
1296
2357
5796
1960
9216
6702
1061
9367
7293
5505
7387
2064
4939
5406
4016
4822
9124
826
2262
7681
1525
9073
2912
6931
1112
4605
7014
6673
5438
36
2947
5728
376
835
5515
3303
510
6546
6469
8320
6443
4155
7999
3039
2102
9120
8595
2882
2225
9048
7662
4861
5188
8186
4004
2392
9815
2704
4417
7378
8421
4523
2943
9924
1187
3912
2811
4181
6512
8024
4921
4595
6455
4127
5410
6803
8001
8470
4406
5275
2127
3122
7496
9155
7829
71
2088
3612
9278
3474
5850
7322
5205
3676
9526
5574
9651
6328
9629
5326
557
9988
6144
1515
6978
5134
2843
7342
5522
5344
2509
6248
2849
8898
2582
4283
2532
7847
6823
537
9864
4054
2769
6499
2406
8249
6857
5390
6745
5577
2499
6711
4489
3477
6338
2771
1605
5504
5038
5002
614
8214
5557
1060
2291
1413
6325
8615
6907
7048
8165
2734
3444
9301
5854
2046
6652
4390
5304
2823
2860
3299
5072
7168
8371
4911
4208
6254
8182
5266
3193
3861
8664
4184
8886
5735
6590
2298
558
3780
8424
7401
1192
4782
6383
8280
5109
9145
1521
6487
1884
2219
9441
5898
2522
3185
39
6893
3572
3264
4727
5839
8027
3707
2878
8765
5547
6577
9982
9760
6891
3588
8889
3851
7693
1882
6619
1349
1842
4583
8385
9392
2006
339
2560
2688
1643
3194
4716
8665
7059
5233
7934
2763
1824
5458
1634
3642
956
2728
7635
313
5706
1631
5650
9766
9181
2441
4329
8494
7069
3415
4873
3456
8304
5731
4508
9302
2257
6346
2280
7515
4082
293
9472
1576
6806
1145
3873
9192
8437
8908
804
6597
8381
3753
2765
7300
8938
5222
3036
7841
6607
5162
9245
6609
8331
3466
8163
7779
7609
6318
8718
5035
8041
7707
2178
2982
3483
6294
3146
310
3391
4062
8105
9863
5193
7305
9019
612
9736
5116
7709
7868
6916
1236
2303
5151
1116
9066
8757
9627
2297
838
7117
5096
1909
3009
4128
8807
1481
4622
8145
3611
7927
3241
1545
7614
5379
5348
4919
7765
9197
6244
4398
4435
9562
715
8370
2466
5423
4067
8264
6828
2479
5721
9550
2855
949
9807
9005
5217
3149
3972
5602
4576
1454
1095
6762
7190
12
104
5919
2206
4751
1538
3028
6560
561
1838
282
7661
3940
6115
8394
2517
7471
4955
1741
5683
6079
6783
3208
6456
4657
8884
8773
4839
5780
5946
3662
6034
1086
26
1259
6353
8830
8450
1747
5451
3601
5191
2020
9609
8438
4193
7959
2074
505
3961
1803
4817
477
5182
1340
1811
9458
6370
3467
4080
9867
106
7319
4061
5817
6785
9040
7987
1379
3503
3375
796
7585
8113
1788
9438
3011
7042
927
758
4854
7969
2632
1743
7949
8062
6402
2421
3937
6223
3209
41
2422
3103
4190
8838
6595
8976
4371
8559
1044
4138
283
5100
5894
4542
2204
6819
2317
9829
4188
7687
7694
1156
9614
9089
3212
5263
7664
91
5777
3703
2416
135
3113
3614
8168
5564
173
4095
1482
2449
5311
830
9199
4465
8205
9359
943
467
5154
7610
845
8181
2741
3998
584
2792
4676
38
9729
7954
5566
354
4268
6888
1852
2859
3798
5120
4832
6222
9376
9026
8298
7652
5835
8491
209
2424
5525
5599
6708
1902
6563
1367
8135
2871
227
6243
5346
7429
3379
1311
1740
7632
7742
6058
4079
5416
4722
3975
8059
5194
1891
5962
1082
4729
3552
317
40
7488
6073
110
3669
21
7299
24
128
7639
5905
6779
837
7716
4865
2183
355
3692
5190
8087
7034
7055
8701
9941
4835
7876
5040
4649
3933
5087
2136
2092
2885
2650
7413
7536
3770
2426
6230
86
562
5536
9725
4923
6732
7102
3729
4697
7971
2091
4136
3197
7977
2955
9976
1230
3683
656
9412
5917
4804
3313
2588
3981
5994
7147
8151
2419
8360
7781
8580
9938
6610
9934
7667
3837
1119
491
5792
1103
9112
5647
725
4333
2335
3840
472
5860
5924
6863
2853
9585
7202
2255
3022
3793
7108
4240
4902
3154
466
9065
7668
5509
8628
6227
7819
6529
6721
6023
519
945
9226
544
9792
9734
5579
4646
5431
7041
325
4543
1441
4306
333
9229
2080
7545
9283
2971
1319
3226
7595
9195
6739
3218
972
6173
4053
9618
7548
296
4514
2760
3318
8269
4218
9592
5669
5475
8393
1581
6297
6986
4442
5486
4024
1792
6102
6011
5820
9870
9992
8278
2319
1906
6976
2330
7499
92
1791
1392
4571
4840
2246
1285
5227
7411
538
8098
5388
2041
4866
6522
4351
9804
7315
6662
677
8143
8350
6954
79
2973
7490
9122
6038
4486
4991
5400
2397
129
152
9826
9623
8372
3215
9271
4153
5347
2031
3730
7513
787
8515
5785
1355
6589
223
3576
9113
1293
6810
1974
8407
226
9720
4226
6884
9060
180
5385
6698
5308
2678
798
4293
468
2674
9951
6314
2228
5484
1459
4568
5708
5259
1301
3142
6361
8175
6001
8844
7532
7403
8946
936
2990
9232
5228
4874
2591
4278
9914
7336
493
736
674
6853
3319
8245
6741
2677
3626
4767
7220
9817
2827
2932
8867
7156
6453
6307
6281
6431
37
7691
1938
5147
2686
8219
6000
9150
8522
1996
4748
9960
4829
9416
1237
2858
7690
2541
7184
5729
9884
4603
6527
8481
5398
1321
7744
1294
399
7
3803
2808
2128
5774
9187
6918
1754
779
5160
7666
8981
7165
1664
6780
7500
7311
7166
5869
3294
8812
1428
366
331
6663
6255
6086
1247
8258
2195
6437
4308
2073
6694
4789
4612
9052
2347
7185
7223
6040
9784
2894
2429
8374
5303
7684
5076
9866
5942
8048
2754
9979
4834
9109
2360
4494
2948
1067
6569
3949
4778
1132
2626
1364
9288
5497
8649
3309
2106
2264
3634
6618
8109
3746
6697
1129
191
8164
8466
1182
9700
4251
4149
252
440
882
3871
5593
4286
8490
3310
9546
5551
9399
4150
5448
9998
2880
6075
6591
6530
6760
2388
3178
3889
1952
4812
5181
8418
4202
609
5318
1369
6177
514
7678
5463
1753
81
343
1495
9285
8246
6973
1730
7762
5302
7154
2290
5775
2321
1558
7169
7584
5450
7752
3885
3288
184
1659
8861
1174
3596
231
4648
8028
3838
3995
8782
3144
897
7076
5618
675
9350
3462
5332
1486
4708
3161
6687
7211
9017
1694
6433
6002
3349
7552
6503
6014
4796
2366
6624
9797
4512
5166
4203
1917
4439
3687
4680
8233
1723
1927
274
4359
9853
9898
6631
8738
1889
8262
8760
6184
8676
7454
2807
9743
5242
2952
5234
328
8261
6238
6984
7097
5297
5251
2969
9028
1160
2758
8696
1913
5603
2176
7458
8066
8334
4641
6723
9974
7918
7263
4893
8523
3027
9486
3739
2722
3855
7789
3301
8131
2130
9443
5283
3398
1636
7835
3072
9025
2953
6335
3513
7424
8535
9121
7673
5738
4581
7337
5057
1322
6213
5430
3569
6947
4292
3826
748
9457
9590
8840
9058
4552
2448
8203
1699
5975
7743
5435
4791
9014
4164
595
9712
7365
2299
1857
6467
2966
269
7903
2681
1290
9401
5576
1945
567
6767
8483
3181
5459
1667
7463
1973
2396
9542
3727
4715
1552
1386
1589
6927
9837
2122
2230
3671
1955
8195
5879
1614
2302
6882
4855
8957
5169
9016
6465
300
2979
6258
7343
4734
2806
1432
518
1796
8766
6917
1856
1785
6180
4341
3096
7193
1850
5085
3947
9336
4084
7696
5121
3640
8658
2376
6262
1409
4783
2818
6813
7072
9037
5408
5540
3409
5973
8759
5661
3878
1232
8593
3901
6991
2342
8055
1123
8554
3321
9717
266
9237
3697
9452
7990
6561
9604
4833
2093
3758
8552
597
5415
5125
7774
6389
7530
5838
4870
3455
2799
7596
7478
9936
8452
3023
6182
4705
2876
9903
1881
3806
7224
6657
289
5229
8847
7948
9876
5077
8848
7368
6800
3054
1808
1263
6858
199
1588
4313
2883
5465
4199
4424
4772
3390
3137
1977
3265
96
6667
1073
4885
1506
6029
350
9907
6251
5846
3955
1094
7189
8983
8562
2008
9340
7682
9827
3376
1887
3260
3340
9451
2796
85
3725
990
9385
5198
6970
564
6204
7216
4964
637
6183
5549
4562
6541
911
7975
8318
4609
1609
4598
3158
633
968
8891
2821
4274
6588
7435
7608
8857
5360
4788
8810
7539
6428
9952
2269
617
761
22
5986
9454
6860
2068
8417
2268
933
1618
3931
4492
6360
6259
4582
156
7017
4117
2373
883
6542
5250
171
5972
1582
7747
6295
9635
8868
8875
1155
9330
9746
5370
5374
4943
8499
8296
6316
3574
8156
2550
2028
57
8817
9994
4818
9377
9849
4364
8461
5239
4505
1422
2520
4366
5712
8825
3977
2983
8719
5496
2060
1815
7121
7741
3488
4453
1137
7815
4102
905
8931
2705
2643
9252
7822
2075
5026
3404
9511
3362
4725
1721
6392
2916
6162
2951
5783
9702
4395
1916
6556
3148
6367
244
3104
6320
4302
3347
2721
9721
8425
6611
5016
2740
6887
1391
9203
7756
4848
1729
4434
2058
9375
2443
2879
7155
1152
9747
8449
3698
9035
6623
9174
3908
5952
1462
2720
4020
3608
3019
1172
6377
4267
9993
7946
528
2408
3910
862
8690
8446
5608
3722
5017
1602
1417
3048
3127
221
5911
5711
9291
6100
4731
4525
2463
9564
74
4346
9076
5473
8476
5331
9047
5103
3111
760
7364
121
8720
8682
8426
9728
777
4145
6461
9932
371
2547
7381
2241
2324
2656
2533
3254
8706
8881
2032
1564
5216
6938
3068
2135
9656
7714
6178
311
5252
4900
204
8602
1365
4051
4824
2949
9501
1594
8555
2747
8209
16
853
6534
5272
8379
4846
4884
3736
1308
5631
7931
783
8616
6231
9275
4678
5485
3766
9171
6101
6600
2404
42
2919
5679
6718
7893
2381
5709
9718
7477
1368
4806
4383
4850
7374
660
950
9231
3505
5084
7092
5938
6568
1071
4142
5494
1531
5665
8092
3037
3631
5937
9943
8769
3790
5807
1635
9920
9591
1016
9303
1622
5167
6724
5518
4876
8200
8530
4238
3870
8142
9191
2567
4192
5920
7833
5249
5658
5561
6543
9341
2782
8723
8386
1068
6805
3795
9091
1327
8
7142
1166
2502
790
7494
6388
1313
3765
3831
8346
5767
4284
2444
1351
417
7826
6337
3718
8240
9272
3280
8921
1255
8472
5215
4810
4261
4253
7784
7136
7735
5393
4382
8573
1480
2784
512
8127
3929
391
3418
4223
2442
4825
7820
1809
4379
5007
5457
934
9134
7242
7582
872
3434
688
6263
8741
8021
5727
8395
5580
373
3351
8822
7419
7086
8792
5743
9611
3659
2464
3719
356
1318
5872
13
7203
9900
8791
9327
6537
2865
7958
7217
9394
3950
5155
7937
7383
7153
7379
6838
4819
1556
3460
3465
1181
9123
9577
3413
5280
8627
6164
5037
2033
8410
5050
5671
8119
541
5868
6039
4340
2336
975
2079
6995
4006
4515
1907
7857
8914
4134
5740
1289
1488
4491
7259
7698
8043
739
2942
4762
9111
7194
1704
8596
2839
3819
2672
168
8610
4952
5546
9769
6939
605
2554
2024
5279
2836
4689
8978
5342
7981
1851
6690
778
2622
789
1736
5587
4520
3941
4200
4691
6047
9796
7824
5974
9949
6585
5439
5003
8226
118
4046
7039
3742
8120
1275
6061
6069
859
7200
2628
9082
6509
2349
9990
6412
3686
7688
7175
9672
1709
2631
6287
483
9080
3922
4578
5730
2633
9225
169
1295
7531
5067
3788
1138
9560
4550
9319
7128
1077
6691
7728
2171
8319
7930
5955
7557
1923
5696
6187
7436
8401
3604
7230
7338
6658
9148
6547
6861
2861
4696
6233
5660
2000
6773
6981
3881
6999
8541
7617
9926
6352
4230
7278
3498
7118
850
899
115
6137
6492
2901
4325
1038
7314
3430
9083
812
9220
5323
6044
1880
9442
19
8693
385
2862
3939
1412
4949
7846
8967
3221
465
6753
7302
1625
210
9324
8589
4941
9315
9601
6179
3954
3232
4759
2738
851
4327
9483
1453
3713
3172
9674
9478
4871
3151
8338
9261
7222
3479
8751
1494
570
5253
4758
9660
3493
9878
9086
1091
255
1540
7972
9281
7127
5055
8674
7375
6329
1376
904
7385
4862
4387
7105
1647
4182
1389
2663
5150
6578
7778
8804
9325
6454
4549
2293
5990
404
9813
94
1817
240
3756
4432
308
884
1755
4510
752
285
2986
3879
7380
2465
2351
3370
423
7952
8101
4299
6291
2175
4108
3038
9426
4500
5208
5681
9567
4511
6684
1980
8901
4076
9571
1403
4652
3377
1519
9358
2525
4201
5722
7519
1200
7938
664
3927
874
4280
9987
9894
462
9966
1992
4094
9039
4627
2766
8947
3426
2439
4913
2177
7798
7956
5853
6256
8796
5112
3248
4927
8673
3679
5426
5700
1807
7081
3843
8973
321
2546
4957
1456
7892
7936
5060
6321
8571
3167
6892
9973
4706
9064
3522
5939
1256
5771
7724
9481
733
6449
7607
8694
5876
9024
7254
3186
808
9986
5638
8084
9159
6988
9349
3990
3220
6268
7070
2313
1015
6649
2099
8783
7989
5534
8188
4692
1442
6464
7498
1872
3512
989
4735
7620
8785
5337
4384
6305
8539
6513
3353
9977
7600
9449
4143
8250
957
6053
6225
7195
9771
8933
2341
7250
5248
6822
9801
8376
1315
938
4897
3547
536
4451
8221
8799
9208
4069
5821
8728
5386
2602
7711
2153
7908
6514
7623
8969
6131
623
7574
3620
1542
9615
1423
8557
2748
6979
5152
8306
9317
6334
3224
1239
6869
5685
9161
304
1268
7653
7239
517
7396
7298
3868
8244
127
7864
6790
5126
4334
1501
4098
3484
5300
2802
316
8414
9622
5493
2042
1893
4347
7421
3350
1820
1934
672
2063
5295
2511
112
4498
3325
5666
8382
1866
7074
7642
7334
1431
6551
45
1630
9309
7569
8129
7251
2164
189
4878
6793
335
6444
2911
9737
7267
8516
147
294
7725
3681
4664
424
5698
1914
2454
1042
1069
6097
5889
9211
6898
6548
2627
2914
4029
7227
8345
7895
8590
8132
2452
6554
2797
3599
4236
6092
5488
2403
6068
2820
8910
1626
6312
9126
7073
1933
1026
2907
4551
6339
3691
8717
2331
3804
5257
256
5954
3799
8885
2881
4541
1450
4339
2570
63
8544
337
4158
581
4409
7839
3809
573
2610
8196
3543
8668
737
1897
6594
5131
1895
6626
1370
5230
3921
7180
6593
5012
7777
9764
9527
6717
7043
867
8479
9127
9253
4903
1778
9280
3133
4377
3315
7050
8572
4937
5875
6575
679
15
8224
2680
8110
8302
7295
1122
262
5061
1421
3853
3119
5277
726
2826
4361
2382
9413
9882
1601
8010
3776
2050
8327
8834
2395
4753
3959
3538
219
4528
7018
4048
4908
9616
6920
1030
8582
5881
9234
9267
1840
6859
1445
3688
6
7679
5118
545
9088
4666
4469
1372
4548
3980
791
9147
9838
2618
7801
1983
2994
6308
7199
2112
9800
4684
5481
817
4593
8846
8985
2927
3786
3171
5056
2752
4088
9461
4477
9479
1695
9581
3555
3706
5422
6451
5670
9810
6754
4857
4764
4626
5034
3500
4229
2001
4219
9456
7914
261
552
4206
445
4606
8949
8745
6507
1782
4971
3749
732
2231
3169
991
6811
323
4624
2340
2962
2562
170
7096
6932
3932
5989
6965
3619
6012
3452
4272
2124
426
6146
6586
9971
3461
3043
1833
6315
7965
8781
1925
532
9240
3649
6923
7867
951
4249
6964
1802
8778
8698
3270
7170
8134
2824
1681
6714
1218
1418
6801
5449
2863
4385
9730
1225
8322
4457
8979
6416
3658
4291
7445
1036
7450
7456
3136
8734
7010
2815
2368
8959
8441
8478
9295
9276
997
4121
4376
7804
1514
9686
8432
2256
9697
8672
1537
8991
2260
66
6063
3101
7035
4116
3204
6581
7860
821
6637
9343
8335
1191
6676
6957
8313
9670
1252
1805
5381
8272
768
5397
5024
2613
8397
3592
3372
2921
207
1063
3673
4133
9823
6949
6659
8775
8339
4906
5913
3117
7792
1855
7089
1998
6345
2318
6351
987
5335
3277
3352
6497
1599
8621
1911
5677
4672
7763
3860
7213
773
123
6526
9115
5885
4490
1
6201
5910
8444
7663
5075
5761
5146
3976
4675
9432
1335
3018
9502
9597
3446
5429
9263
7489
347
2162
6478
2552
8903
7578
9248
3963
3211
6024
7963
1763
8075
1106
9782
6520
7164
1821
2390
5033
9369
613
3747
2036
2083
6759
8930
9224
4539
9304
5969
9210
1310
4263
3450
5372
2710
3042
9783
3646
232
9954
413
4400
3330
5144
2393
2056
8492
4831
203
2595
7909
7550
9972
1770
72
4028
1544
8909
4775
4517
1765
8710
9402
8111
368
7066
9334
9778
8287
3966
3561
5106
4637
1825
2652
9038
3900
1110
4636
9836
7657
157
7177
9084
2956
839
7970
7869
7672
745
7751
6007
6761
3399
3811
4985
4958
3292
8082
8493
5526
3255
9455
816
6017
1680
7764
7564
6883
7533
7071
2519
649
458
763
8802
3308
2026
977
2427
4554
1831
2551
4355
8191
9093
4022
2565
5177
288
7943
9531
8234
4194
2059
396
645
9189
3887
3026
6847
427
9054
5570
3256
1748
9841
5530
3342
7628
9599
4038
8112
1928
5907
4107
5818
8651
8477
4718
1655
6265
5648
3884
6212
4437
8497
2401
2869
73
460
1439
6506
9242
3050
4198
490
5159
9468
8964
2350
8786
5225
3581
7859
6674
365
6961
3108
903
7099
1772
5921
6293
6862
9576
3898
6550
8704
3242
6744
1018
7844
7000
8944
1186
9310
9520
8987
5130
5081
8384
4773
6792
6680
7834
4930
6876
8527
4180
2456
4146
5267
3667
6048
4125
709
2873
5893
2143
3337
6566
9476
3962
1476
4047
6605
7296
9779
6650
8317
8088
9495
5329
361
1146
3511
1822
1518
8764
474
9719
855
5903
2682
6189
9207
7656
4328
5183
6974
8344
2053
4172
8623
6049
3607
2893
9140
131
6403
2275
6317
5809
3802
4178
2150
2779
2793
9983
3919
9744
3259
7304
3598
1758
3439
8456
4450
8795
1957
629
1168
6643
7750
2609
6700
7692
8504
4707
3123
8198
5098
6041
3138
2938
4634
495
5284
4630
9653
2544
9902
6300
3615
2344
8284
5135
5418
1120
5859
5725
6709
2363
772
4166
2338
1569
3530
286
463
9308
6989
1845
9872
4601
913
3558
2198
9814
5963
9201
555
1443
1706
9507
1107
4509
7292
2689
4455
1211
390
5099
2675
443
8942
8369
7905
8223
2619
4386
47
9408
4978
4777
8367
5906
6705
7485
4003
8617
8958
8216
3125
6313
469
3911
7321
3768
3630
9825
481
8096
9135
9789
4740
6798
8753
3714
3621
9665
70
1465
4899
9450
6055
342
2639
9549
2833
410
1464
8037
1610
5364
6364
222
3150
3383
9185
5064
1127
9634
5981
9579
7646
1835
3519
706
4699
8534
8387
9703
1894
5498
980
4786
1216
5995
8375
5019
3546
3494
5192
7412
8749
1229
7324
7229
9553
4912
5401
3948
3895
1683
4916
2310
4060
9464
5511
9805
9706
9446
4034
5136
919
6077
9680
5417
7587
625
8779
330
4152
7495
9103
5042
793
6494
441
3888
5086
8511
9594
4588
3591
1735
8920
1429
8747
6468
6435
2326
5948
4298
2236
9356
2218
2284
2735
6439
2375
5218
6642
8337
3774
6415
9708
1098
9750
2174
2848
9342
2040
9236
7919
3187
670
8114
6198
1096
6133
4631
9558
1572
7760
4473
229
5480
5611
965
4925
7115
4204
3920
6282
3320
6324
9119
2987
9007
4808
1487
1142
8396
5314
682
2247
9793
8263
6056
5714
7480
9494
7253
1460
8548
889
2144
5908
4303
3329
1559
4348
966
820
3306
1472
6004
7160
3251
985
5866
475
742
2523
8480
5957
4144
7104
6057
7345
7046
2249
6612
305
9087
2775
5927
4330
9754
2030
8800
5425
3918
1080
3654
3925
3115
4343
9795
5629
4891
136
5884
3760
1353
9514
2654
2180
9063
9492
1088
3874
1198
3382
868
1388
7016
7563
1874
4446
6441
3416
5460
5830
5414
6279
6638
4780
5187
3994
4997
3293
2908
6842
8567
2156
8835
3010
6786
5827
8265
5842
4610
5082
2305
7308
7831
7570
2197
1017
6463
1750
5801
7968
5832
3213
1300
1115
4653
7207
4250
29
2179
8587
4584
535
601
8445
8517
9503
7045
9773
2592
2411
7700
5447
5409
5977
1703
2134
9693
508
1059
5246
687
4345
6273
5089
9753
8640
2503
4197
5806
7504
3107
5668
1202
2435
1616
7033
7928
3743
4635
7843
5132
4747
4412
3579
4538
7964
6376
992
5200
3965
9664
1361
384
5707
447
4632
2742
5195
5760
9414
1686
1962
6462
8351
55
2996
854
2850
7332
723
2415
2358
3017
9386
696
8892
2702
7234
3989
8872
7858
5843
9505
3276
575
1021
6147
3726
2232
190
667
2386
8506
1940
1508
3385
3825
7865
1092
502
7362
7911
5221
2580
5366
2487
9320
4529
9262
309
8774
8607
6977
5567
2004
9715
2621
5462
7953
9942
8543
8565
2594
1505
9897
5276
3708
4755
407
6655
2076
2096
9874
9205
3088
5772
8870
6929
2345
583
8679
2935
8227
8503
2455
3453
7898
8680
8050
9258
9981
9141
124
4418
4000
1966
1673
4475
3829
3807
4521
9809
9605
7212
7512
5443
1801
9469
8560
5492
2266
3157
7910
3958
8926
3317
6983
7068
68
4918
50
9587
4837
4944
6275
1746
520
6936
9010
2555
1896
1942
7053
2531
9740
4938
1499
9411
6134
476
4428
2253
5596
717
2489
944
486
4296
8558
3967
3516
4559
3289
7568
4367
1946
406
7645
7491
8428
6424
7386
4970
588
1397
315
3396
3083
6154
9497
2957
6010
1528
3290
1498
6373
5814
4981
3176
2155
4487
1446
9758
5052
8237
774
3124
6749
6188
8031
9606
2471
3004
3174
1563
6730
7522
7523
9196
6166
6093
3582
2215
9946
8814
2703
1991
9406
4647
7945
8063
3664
6715
9714
1276
8553
2733
4532
8406
5810
3080
3876
3058
6033
5375
3732
9105
7264
5542
3624
5862
1562
3128
6052
6340
8532
8056
7880
8876
97
3041
2731
7738
6712
2157
496
8826
1324
9062
4537
1716
114
870
5384
211
9160
2640
1273
7862
9247
6729
494
2116
8171
5113
6625
8038
9840
5102
4752
5532
5736
7799
8531
434
7807
6755
4488
6344
3412
9354
3180
111
1868
338
2506
8140
651
1693
7699
2332
1870
8093
1046
6788
8956
6952
5824
3312
8402
1407
1470
7897
1113
3279
7827
1149
3924
8960
9834
5635
6276
5454
4694
1863
3266
3267
5642
9069
213
8645
3451
1399
3222
8364
9002
1020
7139
2192
9530
2498
5394
7173
6765
9463
7712
4889
8469
3490
7622
5105
3343
9652
2224
1692
8579
2617
1197
1583
8520
3791
5478
6582
8042
3943
9477
2021
4001
3935
236
5539
740
7400
158
2661
8268
5315
1171
3160
5476
7602
3268
4248
9072
7551
195
5984
4713
8940
1885
6354
8927
8984
8036
5371
6564
9803
2730
7449
7739
2121
4319
375
9603
4401
9374
9273
794
5124
7775
1381
803
6781
2649
9677
7848
907
1532
7384
60
5203
53
8780
3020
5432
5752
4961
2746
9767
4132
1274
1136
546
665
6899
2194
2909
9711
6770
8301
5471
3563
7095
3902
1742
5013
2085
8342
3393
7370
4021
5622
8803
1419
802
125
6104
9759
2753
1050
155
2385
6211
8702
9881
7261
1099
2223
769
8004
9165
4774
3165
3580
2142
4089
1235
841
1055
8368
8471
76
4461
4890
3381
1827
6059
8625
3711
2069
7062
5262
4614
7854
6668
489
1000
1479
5298
8620
101
4231
8564
9383
279
295
1087
2608
500
2835
4279
6385
9667
9312
5023
3489
2842
5967
6756
842
2301
8057
2131
3061
1302
9032
3510
917
1901
1587
3945
2599
6470
2828
6450
1823
487
6812
1449
7101
8670
7290
589
5759
831
5094
4429
9030
2288
8837
806
7448
6930
6242
7996
9074
8133
5543
5333
8549
9517
5421
6393
9657
1307
3087
8827
8232
5138
430
9506
1260
9371
4807
3668
2010
2170
4338
5788
5359
9935
2265
2278
8735
1401
7915
2286
848
357
5715
9034
1205
2575
5489
3394
3182
8865
2475
6874
6816
5657
1650
8049
4710
6692
6427
7398
8123
7873
1953
2267
2114
1717
302
1277
6380
130
7878
3507
1919
1598
7810
3188
1267
5468
2657
8328
4335
1173
1434
4557
3164
3904
1565
6116
3198
7476
6878
4059
2049
1502
8236
5232
5153
6028
2770
1035
4264
7457
4811
4220
4270
6025
9219
9333
2002
1600
7855
9287
4399
2925
3344
9962
5798
7323
1844
4888
8352
2210
61
8895
6304
6417
7706
6545
6395
982
1212
918
2945
7547
3539
2685
6865
8388
2094
7391
5641
6404
6387
2467
8248
6661
2434
2724
9537
6459
8146
659
5307
2536
1241
9735
4126
1921
6867
694
2308
5590
2671
5616
3610
2125
9202
5837
5663
3801
6446
3094
1076
8740
1619
3617
8761
3755
6707
1051
5399
9435
9428
8724
1075
8953
3720
7759
5682
9337
3090
5693
9031
4611
9107
2239
1651
9415
3586
3754
2447
825
9854
8412
1183
2895
5537
3153
7803
1932
3257
4928
5529
9832
8974
2653
9921
3650
1024
8005
4615
1873
1642
5745
958
2005
2774
5143
5993
6905
1338
3120
4262
4698
6379
1130
2272
4008
4720
9572
2217
604
2787
6567
7228
7601
863
8904
280
834
8321
2614
7935
4990
9851
6951
6158
3296
9821
9430
6791
9828
8521
5149
4644
4879
5552
9671
1404
2922
5856
5043
9504
7438
3759
1240
7731
4671
7767
3893
3564
8222
2623
2910
3633
861
1903
9617
444
1593
4484
145
1688
3378
5825
6510
1828
1128
5158
5747
8712
3575
8439
3757
9279
2078
3237
915
676
8703
3808
7366
8149
2413
6824
133
3297
7275
5932
7816
9707
1141
5968
3978
722
7481
9741
6197
1595
2504
5865
103
3763
7604
3740
3969
9833
9713
5241
7875
7785
3033
7005
2508
881
7680
638
6557
9859
400
6621
5197
7814
5000
8883
1939
4645
2545
5209
994
4638
363
7901
598
6720
7528
2137
6391
8945
1993
786
7151
955
4838
2866
8995
1005
59
7036
4317
4294
3632
2812
9044
8700
2474
3131
8597
6099
973
2139
7486
1586
9488
8566
9681
4924
3408
2512
372
3694
9985
3055
7255
6488
9116
9198
8699
4828
8816
6696
6958
2481
5004
9057
7079
1984
6517
1233
6559
720
6050
291
7238
234
2726
4394
8330
6083
2428
5202
3368
6922
3339
6809
9168
4235
8333
4886
5746
8805
5495
9691
1658
4604
529
7361
1385
9843
4289
9098
2761
8722
930
7269
6481
3457
4356
1513
2505
4898
6580
8896
4443
1244
5178
4358
8513
8746
6532
621
5387
7110
1797
4851
2959
7577
5703
6368
6669
3001
278
1672
9051
4316
5649
9586
3792
3926
3499
9046
8508
5773
164
2701
2477
4843
6630
7422
9085
1935
3535
9238
4478
202
6998
6206
910
1697
8821
9871
7163
8077
5604
3219
3059
3323
8045
6125
1190
6647
8148
5452
3590
765
4579
1696
5609
1001
6703
4712
3105
415
1347
7683
3800
9947
8849
3609
7583
7723
4342
1025
7761
6562
4391
2158
9352
7392
7022
265
5847
5321
142
3917
6245
9313
5744
377
6871
8434
6528
6540
9781
7452
9209
5156
1425
8501
388
6296
7167
9862
8460
3271
3328
6879
2954
5861
3432
967
5541
914
1144
9636
3769
7444
5365
2995
9860
4704
8169
5848
516
8138
4700
5117
976
5678
5554
8336
6221
6794
353
4803
7624
3075
2572
7174
9698
9880
8044
3175
2343
3834
7881
9929
5174
784
6500
5392
4162
3082
5613
7483
4617
3839
8253
4693
1467
4717
3470
6141
9311
7492
7923
4858
2936
9630
8636
9645
6483
8291
3700
1846
1410
8829
8919
1719
1529
5005
4277
2801
7143
630
1271
3354
5396
1806
6175
9608
7007
1611
5341
2646
7265
4403
2838
4462
248
6458
1329
2918
7733
6737
1661
7181
3091
7872
6536
1988
6648
7748
1053
811
3828
4271
6186
7058
6972
619
8538
1253
6234
699
3704
9662
7359
3964
5472
2666
3358
7746
4269
2159
4449
8273
3159
8652
1497
3820
9989
6508
327
7112
2259
5672
7404
5412
4318
3230
2844
935
9696
9316
3934
1468
5046
4948
8864
4728
7246
5904
5943
1725
8656
2890
8576
6924
233
8187
162
3844
4018
2252
5119
7358
6363
6614
599
7382
7776
4416
7998
6734
5436
8888
263
2713
4881
6982
9689
9020
7887
3025
2535
577
4620
695
4187
8220
7575
4917
9379
5461
5176
4078
7281
6531
6157
2491
6250
6656
9967
8067
3166
6135
1316
3132
367
6909
2119
8488
1848
1303
7538
6604
9911
9775
9290
6374
3816
5870
1691
2668
1912
2295
5270
9955
2999
7287
9522
9883
8380
568
1031
4123
3537
6727
4159
2605
48
5470
6766
5368
6571
3016
8326
8907
3274
1607
3029
4324
890
318
1362
9363
4007
4266
2145
6751
7621
435
2095
9370
1378
8013
969
4260
4101
9079
1668
569
9945
7845
5533
543
1009
284
8823
3653
3823
419
1853
7593
3983
172
3097
4185
8546
9593
8495
5164
6447
6284
7521
322
7505
4599
9380
6818
5048
2356
5751
3140
2676
7704
5763
844
6477
1363
6525
7137
3273
5310
9493
9029
5584
1004
1561
5171
3387
9096
6006
7040
9669
2270
1727
757
9639
3435
5237
8297
1387
7286
8310
4679
912
1135
1111
6679
1226
8982
7443
2898
2220
5716
5078
5978
3824
4792
6603
9249
6237
7884
3335
5636
5583
5168
3454
2007
3244
3433
2383
6856
5697
7124
8507
8965
9152
5424
3854
3425
713
2086
5741
6220
4639
6042
8152
8241
6272
3665
9692
9819
5589
4561
7913
8528
7851
5469
2172
6267
1375
5719
1489
146
9844
9559
7795
6910
1065
3822
2420
2182
895
258
7020
2132
4344
187
1982
6386
2378
8139
1781
1223
566
1795
358
257
8992
1400
5597
8843
7618
8675
5027
5619
3386
6394
378
7787
1943
5189
436
4452
5127
4844
9922
822
8612
2496
7788
3883
6872
1420
5051
8713
7957
4257
2329
9877
3923
8563
718
5140
7198
4131
4312
6336
983
1530
7966
7339
1104
9885
6214
1888
448
5339
7976
2191
1457
9154
952
5080
4629
2813
359
5828
6471
916
3784
9528
8514
4045
5710
7599
906
4010
738
9221
1660
7850
3443
7047
9256
4750
7506
9053
5179
691
4962
6156
4776
9403
7417
2334
1865
8266
4104
2981
4354
6413
7057
1560
9102
8231
2185
1189
6635
2992
271
7518
1466
8686
4122
9000
3903
237
9818
6298
250
4044
9130
9437
9939
7960
69
4867
574
1380
5405
2300
3641
8124
3482
8526
2725
3993
1126
4506
9246
9963
6089
3812
4956
5987
8932
8356
2273
5022
2830
797
7021
8790
7397
3550
8869
1352
3121
1970
3422
2110
6839
183
2478
2379
4619
8215
6742
6827
9598
4009
875
6306
5813
8147
7125
166
2364
2189
6080
6326
759
46
3024
7790
6843
3974
1458
4658
6401
1837
1861
714
8731
4422
1849
5704
7149
652
8089
1084
6634
1034
1471
6943
7052
3373
2082
701
847
9607
5996
7268
9043
7141
1566
2819
1217
5578
7171
8217
9244
2534
2577
8341
3675
5376
3189
9056
340
8990
8575
3521
9822
902
5623
6414
8831
2211
5499
3587
4980
7797
8373
2832
6831
2327
4814
7333
5247
6425
2279
3984
9480
5626
4225
2891
6875
4546
5500
3827
3660
8000
8853
6774
7183
5054
3549
9389
7352
6763
2355
4483
4129
2304
5261
6672
6956
8422
6704
6199
3847
1032
2214
3875
9335
4628
7369
6065
1221
5901
5213
6107
98
3307
5617
1214
1761
7567
1408
2387
194
1941
9731
4836
7920
3056
728
4756
7925
2325
3567
3970
4120
8019
8440
6091
181
7613
815
1286
6975
9323
1745
2528
9570
9431
7941
9533
5882
5148
4205
177
4513
1339
7027
89
9909
3449
5765
1585
9519
307
7282
4976
5888
8086
1986
9184
2929
7442
3195
65
2515
4375
6026
7676
3864
9694
4388
9642
5999
4171
727
43
8936
2277
7631
5403
7432
6710
2307
5756
1633
1299
5909
4823
6119
346
7116
4411
2589
2377
4360
5184
2173
6398
2227
7734
2526
2450
6836
4779
3403
5108
8510
7388
326
3709
988
2638
2516
9927
9347
3540
6161
84
2472
2897
3862
9138
662
4553
4083
6323
6644
6081
4650
1522
4066
4726
8359
3524
3502
9143
6802
8252
1278
7558
5702
2679
1415
1990
2940
4989
4749
941
7838
1402
2165
4458
5877
4368
8039
2089
8818
3973
4802
634
6743
7328
7360
747
3207
9886
6257
3201
8115
653
6202
7566
8311
7979
5585
9305
7520
9970
8685
2549
6113
9344
9644
7389
8292
9727
8199
1575
3628
8176
1804
6846
5829
370
2777
2647
4994
1500
312
6539
840
7037
8343
6926
6830
587
2412
4068
4983
3886
647
4765
2457
7501
4228
8928
9643
6771
6423
4241
9496
6473
6036
7307
669
4651
7310
7107
5858
239
9114
1787
2476
3015
887
5749
93
7549
2034
3504
1834
2067
3877
4522
5363
2530
5356
9318
9239
2461
7148
1516
531
7135
8349
7766
4222
4714
9538
1859
3341
639
5069
6946
6553
277
4945
2473
5992
5790
2584
4372
3249
2831
2906
8447
7426
9748
7511
8961
1440
6191
6130
9362
4039
2756
4495
9400
6538
7899
4148
771
8429
7786
4380
1624
2039
813
1900
628
9850
2354
1963
9163
5428
141
3077
5964
8325
8729
5645
6565
4518
1314
3192
9186
4643
2181
650
3541
8260
2970
5254
5720
9566
7503
7350
4992
7218
5122
5605
3334
7745
2233
6064
1033
4882
6524
241
6890
2899
7730
2816
1671
7266
3252
5041
8433
7431
5550
10
4085
5891
4163
9995
6485
428
7015
8677
1393
3005
3431
7497
9213
4973
1954
7011
4456
6608
5947
3191
7114
102
4573
4591
7479
9742
1798
1373
7655
14
8431
9011
9110
4474
1199
3814
3472
8103
138
2043
2013
1597
1947
971
6176
7111
8585
2845
4073
3071
8902
7326
28
8487
2896
6829
9554
254
1022
2167
9835
2196
8755
9467
3485
4141
3459
1578
9041
9569
7603
4586
8323
5258
1814
2596
9298
4683
999
2154
4746
602
5093
5501
1039
4467
8787
4875
1204
1390
393
5115
2084
4431
7129
8300
5595
8080
380
1871
6381
9156
9500
1997
1777
8462
176
9557
2665
880
5163
5770
6045
7837
1258
2163
4381
7349
8040
9891
8581
6706
3715
6409
5137
6934
1078
6067
2585
9425
6396
3199
3238
5769
511
3833
6579
9573
4493
8118
6290
7571
6935
4566
4920
7377
2070
9749
2187
7084
9270
9705
95
7447
5377
3300
4575
2418
823
8863
7493
3979
2976
4273
3728
6015
2285
7098
6356
1382
3236
9204
4275
7674
5413
1638
1628
264
4887
4195
3081
7917
1674
8730
9953
896
6426
4827
946
4496
1475
7063
4310
2316
5591
412
4105
8238
6913
3102
5778
3302
3781
6640
6226
409
431
8189
7586
3523
5569
1548
9892
3168
7643
1724
4587
4795
7670
9733
5705
3890
553
3514
697
9462
2018
5058
7408
5
3014
7235
6645
4170
5185
6476
9092
8286
836
7984
6114
151
4947
6366
34
2964
5753
7856
6096
1718
3999
4305
7159
6821
1554
1125
2118
1981
8033
5852
978
6090
5196
1591
9222
4373
2778
6260
6110
470
3655
6945
4685
7078
3253
5833
2117
4255
7636
6136
801
616
8030
4864
2719
7726
6008
4569
2561
2538
1657
6583
3079
215
533
395
3231
7188
3810
8243
9254
5795
5265
4337
3109
8866
9338
4314
4933
7900
9933
9521
5916
2864
6378
7650
5445
8856
8190
5594
238
4485
3571
9722
9887
6535
4050
2744
2780
3636
5808
1762
7721
8012
5791
6301
5797
7226
2186
7907
2251
9588
6436
1637
7560
360
2961
4040
6195
1776
596
522
8642
2637
1209
3985
1527
2151
4245
8633
7120
7475
1257
2564
383
7654
1964
1052
9459
8500
3395
9125
3716
4555
8629
5097
7257
9918
8681
7196
6021
9846
8952
2047
7100
1342
5572
590
3407
9858
2810
2469
2501
8071
7836
6885
1341
2616
2306
1284
1215
8353
5114
5031
7131
7209
4419
888
25
6849
1676
6636
7961
8179
8977
9357
4353
9346
507
594
3032
521
8994
8267
7708
8022
8752
9485
6784
852
9289
7312
7232
8177
4504
4667
7967
8485
931
8383
7348
1608
4567
3316
611
1652
6719
6111
4363
334
3295
5779
8016
3468
2235
8509
1374
4965
8653
2400
5186
9445
5654
7083
9286
2087
8173
1944
4984
7588
698
9214
1603
8966
5811
4413
1028
1121
7592
2221
2892
6466
6372
8599
5199
6145
8871
9182
1826
5474
7252
2123
7542
4464
4830
5896
4665
3448
3629
9388
3928
6602
8578
8591
5340
8951
3648
5306
753
8819
5479
9172
5883
7597
7736
5441
3049
7818
8154
2346
9679
3635
9637
1780
3761
9422
5930
4243
9583
6908
7719
3914
6948
6937
9685
1836
4161
984
9956
5157
4590
6966
6236
6235
3078
8161
1179
8172
2045
6139
3556
2773
9223
764
3515
7460
9212
7951
2711
8399
4414
3275
4026
3856
497
627
8537
5349
351
964
655
9895
7510
5538
576
4805
6799
3616
9965
3771
3942
1504
2012
1555
4739
9745
7482
7638
3000
8592
7376
2841
741
7940
3865
898
1858
5816
6286
4996
3445
3414
4852
3282
5562
122
658
3750
4794
1298
5047
1752
7001
5345
364
1043
4901
4071
2494
2077
8193
8784
6752
603
2963
8809
9625
7740
9961
9675
134
159
5805
1246
4560
2576
1759
5643
3183
3348
3585
1496
1140
8006
5011
2484
3670
1159
2493
5320
9439
4935
5606
9409
5467
9510
3311
9418
5958
6124
7402
1264
8833
6940
829
5271
2362
5690
3779
3491
4471
1176
8619
8912
6896
3971
8716
5419
4256
6285
5621
5236
1641
9300
6919
7363
2203
9118
7357
2557
6174
4221
5789
1640
8935
5928
7240
1134
260
3374
857
8518
6654
1510
3678
2749
1359
7219
9701
7484
2438
2913
7145
5630
3464
8158
5941
878
4081
4396
3
3721
4239
6445
3554
9471
9761
4960
3095
5871
5523
2690
8498
8654
8569
8583
52
8551
6074
8279
4322
9774
3909
1220
1670
3663
525
6123
7004
6382
1794
8666
5206
484
7277
2258
4336
8202
6990
690
5512
7064
1918
4140
6646
4618
7842
9580
4100
4621
8611
9565
4769
4276
550
5786
8561
2566
4378
9574
6171
5929
5101
5614
5979
4191
4392
5437
3089
6519
8626
9293
9149
8276
3163
6448
3380
6996
9638
1490
8794
9004
8457
6070
2568
1201
8999
8820
8482
6270
3206
3367
8659
4309
2817
7077
549
9094
2699
5880
2129
1968
6429
1579
734
2958
7399
909
8054
8776
7329
6572
482
2015
9529
8923
7794
272
150
432
7950
9129
362
7514
3240
7423
5826
8415
6574
5395
7410
929
607
3684
8941
7249
4798
8916
7758
9447
7821
4987
1151
2573
9931
1899
9540
9448
4369
5687
1713
8192
298
7462
1810
3593
7594
214
165
921
6953
4092
7331
3147
8600
3324
5353
62
8556
750
4847
4297
2563
7428
9465
4915
9600
6129
1507
9297
8184
4963
710
7616
8586
3400
2847
6489
3364
5015
5822
4086
9650
4736
4075
3066
1539
1648
6347
4427
1883
8635
6633
7317
6870
1620
8772
8486
3752
6216
4175
6167
7214
408
4174
9218
5006
2641
9551
2578
7889
5965
8842
8851
7106
7087
7469
5389
1547
6833
8545
571
3441
2662
7467
5091
2581
4533
8768
3285
654
6852
6084
5358
4232
1493
5628
6419
8398
8011
4607
5553
3891
2946
3202
8858
8100
9556
6442
5755
5319
1908
6987
6031
6200
3314
82
636
5482
3008
8274
4119
1056
9307
3217
179
3625
7409
4217
5900
5933
5455
1227
5464
4826
4695
703
6076
6728
9682
1330
5324
4307
3805
7974
8130
8314
2648
3076
247
9663
4905
7373
5226
1767
1455
5867
2985
3666
4065
6153
5028
3261
4014
6299
5402
8085
749
7540
2149
5864
9991
7861
8727
6523
5581
5926
2417
208
5971
7088
2692
8707
9757
5646
1653
1715
9690
7527
5316
657
4556
8403
644
1049
509
3773
2834
947
1282
499
4410
9042
7354
4883
788
1117
7472
4845
8574
8502
397
349
5507
4056
5517
1878
873
2254
4019
8332
9890
7425
693
7441
5351
1972
8051
4703
5675
4438
5922
2629
4502
2736
3845
1879
7720
3783
5133
924
5612
87
4849
5008
586
5487
5009
8034
3177
3304
3717
8880
6310
8879
1613
3116
6777
5997
2645
2072
18
5110
1394
832
454
5764
6085
9869
8408
2980
2889
1485
2837
1751
2574
970
7285
2809
9683
1726
437
7701
10000
9230
8239
6868
3085
785
5691
1549
7526
3913
9786
1483
4723
2433
9906
6418
9687
387
932
6980
4099
1679
9090
3517
5559
4031
245
161
4842
1627
9896
2492
5293
7418
5243
7273
7904
3869
1551
6432
7817
513
4370
1383
8632
9726
2776
5976
5092
455
3880
1862
439
954
8789
7866
352
4049
3247
4516
2717
702
2667
1606
9332
425
1929
9666
8594
6249
9404
4036
1250
9241
3573
6009
2874
4754
4074
1326
5477
9387
2
1924
8855
7206
9436
618
8009
5059
782
4454
9001
4656
1143
6666
5899
9423
6837
8646
3331
1731
3737
9466
8443
320
5291
4113
7562
2888
1354
6834
2222
3915
8882
5107
9915
33
7926
324
8962
2762
560
2389
6369
8631
6725
7132
2603
7627
9673
2687
9806
9790
8427
4616
2055
6495
2960
4115
3906
6584
2238
6629
9525
7703
2872
7576
7802
5758
1779
8968
1231
9541
8715
2322
4564
2011
9624
9215
5804
9081
1395
1978
9856
8107
2399
6168
7256
2410
6921
8986
1027
1666
4090
8293
3021
7633
7888
7757
9547
1081
824
7729
3405
9997
7675
2384
563
2854
2281
3548
6573
5260
5442
2453
2051
2598
464
3595
7879
9523
3429
4
8419
3603
953
9393
2248
8547
3953
3162
5931
1786
2029
1072
3235
1161
8887
892
4070
939
1309
8081
6628
7464
9013
9640
2604
5748
9398
7372
3627
3093
6962
2558
8366
3110
5313
4472
1813
1892
9045
9649
7772
5950
2968
6693
9512
3997
7280
7038
6087
7590
7537
3821
8288
8970
3411
7689
5286
4106
6126
5510
6278
1224
7732
9755
1898
1702
8347
5935
5689
6738
8873
775
137
9912
4558
1328
4670
9179
7932
2886
2768
6596
7122
1503
8742
7026
4663
6795
9355
8678
4124
3938
7630
5961
4035
3402
891
9391
9695
9227
6960
9419
4052
7466
4501
9274
7780
5066
746
9365
4173
1714
2245
1949
9621
3438
9489
3283
7465
253
2271
451
3996
6592
5204
5953
6845
8862
23
6127
1580
5739
7543
6253
9345
8014
7215
3322
9978
2430
8828
7144
5940
379
2840
3272
3905
6660
7289
1959
2978
9908
6420
6457
2767
8409
3988
4091
5214
3674
4227
6150
7942
5065
8102
684
7306
4234
4662
9857
6894
5684
2772
4332
4281
3930
7710
960
140
5892
3526
3184
4459
457
9798
8116
5029
2437
9768
1280
9913
1424
6814
4077
5914
8392
8988
6942
7986
9331
1596
49
167
2289
5285
1474
9158
5563
3423
7473
1690
6043
4954
8463
7455
2905
5699
9427
9518
5754
2407
2500
7284
3623
1553
1812
4326
4365
8295
7579
4503
3002
3205
5172
6671
6411
5411
9036
6950
8018
270
3651
2934
6558
4859
3986
7126
4623
1320
5732
175
631
6228
5874
7992
2553
7395
8235
6504
1243
1097
6112
9865
5519
6681
7823
6117
9648
4730
5991
5039
5527
8458
1345
3508
2708
2805
9582
8643
4536
2414
8533
1567
1317
1722
8650
6685
4868
7988
2009
9139
7615
5503
6808
2529
2524
9351
2664
2790
7812
192
5053
5863
3246
9021
6046
3129
200
5446
8815
9132
542
7355
6653
7644
2066
1002
3639
5902
7771
2904
8878
6375
1969
9133
2683
6020
3818
593
5123
6128
766
8126
5433
4157
4304
7509
6912
5336
1426
5427
9166
3894
411
306
7433
2743
6817
8634
5021
1948
7414
5766
3013
6120
8618
2729
303
592
5762
6695
5799
2109
471
6203
2052
9545
8357
1534
6772
9812
1185
6873
6967
5289
8002
5676
2659
2188
9893
9563
3892
7808
1164
8153
7085
7244
4800
9264
4953
4160
1711
5692
9266
3589
58
3778
6357
6570
3086
5890
8918
4404
7629
5357
117
1961
6807
1210
9101
1764
107
1592
7344
673
1089
4352
4856
398
5256
6408
1689
3560
5010
8647
4594
3044
1147
8662
6027
8035
8519
7611
8860
6665
20
6266
3578
2081
7208
2090
4993
3046
6701
8247
559
814
8058
6207
1306
5878
4737
3733
2057
9142
5309
6016
7138
9006
9508
730
8090
6384
6959
7371
9658
2600
3114
7546
1520
9596
8157
8737
1956
1728
4721
8604
6736
3495
480
642
4625
2989
5352
6475
6371
547
6355
5220
35
1348
113
4711
8229
7415
7715
5673
7625
3762
7367
1710
6013
2991
572
885
3835
7182
5768
2111
5545
1920
7722
551
3401
3478
9830
2391
8925
770
7849
64
3216
5083
9284
6486
7309
3797
7830
2723
3867
8763
290
9919
2480
5849
1045
1950
259
7524
9188
9595
6341
4357
8899
762
1447
6479
2103
4669
3487
3952
8584
1157
8529
8692
9144
9055
1058
8052
3057
582
2425
1738
5886
8877
301
7647
1312
67
6490
8806
8141
3846
8281
9959
1325
6288
2250
268
4880
9329
1304
6854
3528
8937
5713
116
7356
9852
9548
401
9255
6181
8689
1463
2208
5819
2371
1976
3982
6407
4466
8465
3815
492
7023
8770
6820
6022
9361
8095
7330
2054
6764
7517
2065
4482
9294
8657
8505
7916
5784
9071
8211
5555
5238
185
5453
6511
6302
6106
3135
2569
9524
4763
8671
7262
2372
3987
963
456
8242
3566
9791
3141
1433
4311
4258
7434
1219
4682
8271
3672
5812
2126
4932
7271
5071
7947
2977
5734
1207
8989
554
8570
2795
2868
1573
1003
6616
461
4043
5823
251
2543
2003
188
4033
974
1473
1411
8270
5934
1013
7782
488
4479
7902
1712
1452
6261
1070
7407
2571
9889
8758
6330
6071
2759
2436
6969
4154
6901
6997
9228
8312
7204
4246
2691
4177
1886
8099
6675
7103
7793
9095
4966
2695
3437
4942
498
4012
7685
9368
3735
6232
3420
5235
2470
2213
9561
1358
6726
2440
4156
9050
7929
4032
716
2620
9568
8309
193
7695
1649
1019
7237
2939
8732
297
3360
2283
8824
442
6955
1331
7258
1461
8601
9321
7341
7028
4799
5695
6498
9075
7051
4895
7544
6072
8197
6601
8813
5444
1975
5945
4931
7451
9366
3047
4027
7019
4785
3584
8435
51
800
1162
2877
5062
565
1512
579
1570
9917
9633
7978
9535
8691
666
3693
4967
2062
3705
7863
7347
4030
678
5074
2967
1698
5600
2606
4165
8228
1006
6208
6358
216
4781
5887
5032
1245
1682
4540
7316
1841
4211
7439
5362
1783
530
8993
7886
4097
5330
9277
8277
4209
6677
8975
8430
5918
8660
9632
4320
228
6747
6151
7327
7094
8108
2071
9434
8608
1484
8061
6639
9491
1989
8104
4042
5895
9177
1007
153
5544
8688
7809
7718
7962
4214
1416
1406
8160
4988
926
148
1645
4986
9654
4940
7133
4362
9128
504
2105
2669
620
2352
5815
6032
3269
2975
5782
5742
9282
4288
88
4565
5571
9384
1756
3210
3112
6491
4904
9676
7134
4321
643
5223
4237
7753
8798
1350
3481
1010
6190
8762
5373
3852
5983
27
5296
4244
2642
198
4732
7589
3200
7649
877
9433
5483
2750
1228
4287
9940
4096
2462
9131
4210
9752
901
4757
3371
5637
9015
8859
336
6460
3473
556
5726
3527
5273
3936
7993
4869
224
3496
3332
7713
1064
7157
1541
615
6782
4015
7353
959
6555
6496
7162
4640
9008
6160
1167
446
7939
8603
2374
540
942
8455
9555
2190
3369
3497
7840
2486
8166
3214
866
2884
7565
2120
7119
5210
5299
7032
2937
2482
6850
5369
8275
3968
1839
3233
1118
11
1550
1644
2601
9190
1438
5305
3520
2781
864
799
2323
4186
2146
6963
4110
2315
6152
3661
1910
6576
7991
7002
3356
6903
6142
3170
2488
6121
3710
1323
8201
4744
9108
9631
2755
9647
2593
5440
3597
9626
3305
3234
9023
986
3070
2706
2856
5161
2791
4460
6342
4212
5925
6944
9243
3656
5231
3677
700
3126
1979
4147
8315
2693
2292
3227
1905
5844
9980
5897
1533
3744
6271
7468
6925
3366
8225
6241
2655
5506
6797
9420
5634
3326
680
7013
4681
3957
9260
3858
7272
2369
767
4463
2707
1208
139
9328
3196
9395
3622
755
7737
9390
5834
1985
9688
6900
230
1769
56
4531
3842
1819
4476
1158
9170
6054
6815
7030
5128
6051
8972
8150
981
7660
4393
1744
1029
9808
4265
8348
7769
993
30
1477
3534
5923
9905
4589
7461
9269
7973
1105
9429
4974
6549
8911
4999
6094
2510
2586
6731
1193
7470
6968
9306
9033
2019
7896
8094
4982
9068
3225
7075
2718
1999
5781
7796
9498
7507
4574
5560
996
7800
1623
2048
8303
3427
7406
3796
9217
1936
5104
827
119
2237
7241
1254
275
9292
1937
2459
5598
8257
2870
7619
2229
751
1677
8074
5380
329
7427
8638
9709
4914
3848
869
6098
3723
7994
2161
8683
8299
3051
5653
9299
5718
900
6769
9532
724
8389
8170
2037
3830
2234
1517
1790
1511
4951
8400
1536
6840
5845
9373
1427
1612
7626
7172
9078
9765
5936
6866
9424
8361
3644
7123
7054
8069
6699
3787
5508
4969
344
2339
5949
8017
2367
6422
422
5680
9811
3690
3695
1967
3258
928
2789
7390
5514
2513
2168
2714
3361
4430
3600
1346
9678
6501
6163
8721
6185
6348
7297
4168
686
206
8697
8684
7852
4215
3992
7006
5694
3106
3785
4497
4114
8305
3031
2764
5960
2312
819
1109
624
7641
1629
8915
405
1037
5615
6219
5651
9397
7669
2716
8377
369
6229
5490
1154
4025
2445
2483
7320
1448
4285
7921
9137
7430
8542
416
7502
4815
1617
1734
178
7152
2727
8294
7922
6746
7248
83
9888
5219
8767
8739
4738
1768
4005
5841
6350
5175
5640
2852
1248
1523
4112
2027
2226
2559
2380
7346
9855
3179
1662
7065
1014
2700
6825
8743
2216
1165
6733
7791
9770
5073
1291
8365
8210
3359
9668
5049
217
5750
4017
7340
9751
3946
3712
8954
9474
6035
1789
7140
1336
5361
4972
8254
5063
7870
6493
9925
9610
5268
6405
4968
8705
1287
5391
1971
3841
2556
1546
1639
9772
4654
8906
6440
1543
6902
1760
5129
2495
2984
4057
3696
8046
2917
4793
6140
2751
2309
2184
5111
8070
7024
3284
4002
4176
5959
7056
2242
5659
108
218
731
2282
2651
1436
7811
712
1337
109
8473
5282
1114
7474
201
6533
9785
6985
3424
319
1414
5592
1739
473
2141
9957
3577
4224
646
7755
4072
8639
4331
9509
2920
776
6311
548
4809
2025
1535
5255
8736
5851
8748
9710
6750
9484
4592
7651
7446
2670
7885
3956
6835
5873
1288
6095
205
8484
5456
2527
9206
8661
100
871
5367
6309
2846
2446
6105
5334
1615
4436
5686
5662
9314
348
2542
7325
9200
4686
9407
6804
6515
1766
5717
5173
1175
3896
2115
2928
6851
7659
8453
3960
1008
2044
6928
9353
9539
4440
2394
5165
860
2038
6209
1867
8788
3417
5513
8797
5674
3100
4787
8917
962
1869
6280
7535
3346
2804
6037
5244
4934
8854
31
7665
7210
8053
3782
9999
7640
2017
3074
7580
3190
8324
5625
3156
1584
5201
4975
5966
3291
4063
8808
1492
1048
4530
795
6881
3872
1169
1773
632
3680
7944
2514
273
8648
4423
4770
186
6482
9975
1687
600
7648
7894
8106
3145
8756
9178
44
3551
3606
4526
7130
1707
2658
292
4408
3699
2625
6078
4139
2673
4677
5588
4585
80
7783
4420
8413
9490
1249
849
332
9104
1357
5001
1847
6757
2287
843
7591
8308
1757
4196
9578
3143
5434
3501
9173
1178
276
1705
1733
3832
1646
1083
3392
2458
9176
5327
1509
6880
2296
3605
7113
4950
8948
8474
8128
196
3734
5656
9824
9049
9950
9100
8893
4563
5269
1720
1654
7559
1090
6172
9257
8971
3916
249
948
7060
3637
6019
4929
2615
2867
8496
9847
3389
7405
8078
8007
1437
8905
3536
9620
4688
8950
3243
4642
7874
5312
7393
8900
5325
9296
8726
3562
9763
2209
9845
9194
2548
8750
6518
8207
4600
501
1469
4816
3363
9536
9059
9534
807
6289
8025
2240
1571
8404
6776
9487
7082
8644
5036
7677
9250
886
2193
267
2915
708
1334
6239
4151
3286
3991
3440
3480
1262
7288
6169
6613
5988
7572
8890
8598
4743
4389
6641
6544
7090
7276
6502
2016
4441
9831
7420
2405
1832
1875
8934
1864
8613
3568
705
2200
7891
3130
1133
6349
32
1148
6269
8836
668
9183
6218
414
2902
1040
3263
4480
6620
8524
3532
721
6848
6632
1930
78
2337
1684
2490
2485
5240
7313
1784
5343
4282
1922
1732
4433
7871
3767
2169
1085
7049
3030
9968
7231
3053
4892
2698
9382
8121
5620
3338
1305
4290
7508
1177
4745
1153
2097
6789
9233
4183
626
920
8174
9704
2924
8230
6283
8997
7003
756
6787
2166
591
7187
6617
585
2035
1079
9180
8213
9543
641
610
2432
212
2965
8159
5170
9738
4687
246
9575
9820
4877
5044
5586
2611
1669
578
1854
3388
3645
8754
7225
4111
2788
9513
5624
9861
6778
3899
6992
1737
6005
9364
8003
8711
4397
3223
374
1843
7598
5644
9910
3682
534
299
2800
4742
2715
1343
1604
8695
8922
8194
8451
1184
6332
17
1926
2933
9268
506
7534
9061
5575
1590
386
2423
3118
3419
9794
3492
8605
4167
1333
7554
3458
5338
9167
149
5378
9724
6480
858
8255
5610
7245
4860
1877
1632
1829
780
4349
1170
2348
8442
1818
719
1283
4719
503
9916
8340
4813
5354
5556
6796
3006
8614
2160
9265
893
6895
2108
4426
5516
3428
5301
105
6327
2590
4797
5664
6516
6615
3701
2587
8285
9235
3638
4374
3557
9788
6359
1203
9003
8026
1222
8913
4407
8832
4547
8464
1054
8416
345
4674
6343
7192
6108
1108
5288
2022
1987
3327
2696
8064
6210
7605
9777
3250
704
2597
5944
7301
6864
9339
9544
3099
478
5020
8588
4295
5667
9958
5787
9969
5998
2152
3384
5757
2612
7516
8362
2941
1234
6103
6933
9964
3702
2875
9732
2851
4853
2539
8423
2320
1377
6132
6333
8137
1568
3262
7832
7606
6240
5568
6030